# This file may be used to create an environment using:
# $ conda create --name <env> --file <this file>
# platform: win-64
# created-by: conda 26.1.0
anaconda_prompt=1.1.0=haa95532_1
beautifulsoup4=4.14.3=py313haa95532_0
brotlicffi=1.2.0.0=py313h885b0b7_0
bs4=4.14.3=py313hd3eb1b0_0
bzip2=1.0.8=h2bbff1b_6
ca-certificates=2025.12.2=haa95532_0
certifi=2026.01.04=py313haa95532_0
cffi=2.0.0=py313h02ab6af_1
charset-normalizer=3.4.4=py313haa95532_0
idna=3.11=py313haa95532_0
libexpat=2.7.4=hd7fb8db_0
libffi=3.4.4=hd77b12b_1
libmpdec=4.0.0=h827c3e9_0
libzlib=1.3.1=h02ab6af_0
openssl=3.0.19=hbb43b14_0
packaging=25.0=py313haa95532_1
pip=26.0.1=pyhc872135_0
pycparser=2.23=py313haa95532_0
pysocks=1.7.1=py313haa95532_1
python=3.13.11=h260b955_100_cp313
python_abi=3.13=3_cp313
requests=2.32.5=py313haa95532_1
setuptools=80.10.2=py313haa95532_0
soupsieve=2.5=py313haa95532_0
sqlite=3.51.1=hda9a48d_0
tk=8.6.15=hf199647_0
typing-extensions=4.15.0=py313haa95532_0
typing_extensions=4.15.0=py313haa95532_0
tzdata=2025c=he532380_0
ucrt=10.0.22621.0=haa95532_0
urllib3=2.6.3=py313haa95532_0
vc=14.3=h2df5915_10
vc14_runtime=14.44.35208=h4927774_10
vs2015_runtime=14.44.35208=ha6b5a95_10
wheel=0.46.3=py313haa95532_0
win_inet_pton=1.1.0=py313haa95532_1
xz=5.6.4=h4754444_1
zlib=1.3.1=h02ab6af_0
